4294967279,327
4294967278,528
4294967278,541
4294967279,443
4294967278,527
4294967279,345
4294967279,396
4294967294,1445
4294967294,965
4294967294,964
4294967294,906
4294967294,905
4294967294,904
4294967294,899
4294967294,312
4294967294,427
4294967294,181
4294967294,30
4294967294,160
4294967294,35
4294967294,38
4294967294,173
4294967294,450
4294967294,18
4294967294,123
4294967294,14
4294967294,122
4294967294,20
4294967294,13
4294967294,156
4294967294,164
4294967294,419
4294967294,452
4294967294,12
4294967278,373
118,2
210,6
210,4
4294967279,342
321,6
269,11
4294967278,151
321,5
269,10
54,2
118,5
118,6
118,4
4294967294,493
4294967279,317
45,2
6,7
6,1
6,6
6,0
4294967279,282
8,2
5,5
5,4
6,4
6,5
4294967278,283
32,2
54,5
45,4
45,5
4294967279,354
9,2
4294967279,249
4294967279,391
10,2
9,5
9,4
10,4
57,5
57,4
4294967294,484
4294967279,386
4294967278,372
71,2
6,2
71,4
66,7
8,6
54,4
66,6
66,5
66,8
210,5
8,5
8,4
4294967294,1470
4294967294,1580
452,4
452,3
452,2
452,1
452,0
4294967279,394
4294967278,371
233,3
233,4
4294967294,1509
4294967294,1585
4294967294,1514
4294967279,212
4294967278,370
4294967279,351
451,13
451,12
451,11
451,10
451,9
451,8
451,7
451,6
451,5
451,4
451,3
451,2
451,1
451,0
4294967279,392
4294967294,319
4294967294,404
447,9
4294967294,1513
4294967279,348
450,4
450,3
450,2
450,1
450,0
4294967278,318
4294967279,310
4294967279,393
4294967278,572
4294967278,369
191,4
449,9
449,8
449,7
449,6
449,5
449,4
449,3
449,2
449,1
449,0
4294967294,1571
4294967294,1512
4294967279,442
448,7
448,6
448,5
448,4
448,3
448,2
448,1
448,0
4294967294,1511
447,8
447,7
447,6
447,5
447,4
4294967278,157
447,3
447,2
447,1
447,0
446,8
446,7
446,6
446,5
446,4
446,3
446,2
446,1
446,0
4294967294,1574
4294967294,82
4294967294,185
4294967279,441
4294967279,440
445,5
445,4
445,3
445,2
445,1
445,0
4294967294,1581
4294967294,1584
4294967294,1583
4294967294,1582
4294967294,1432
4294967294,1510
4294967279,337
176,1
176,5
176,0
444,6
444,5
444,4
444,3
444,2
444,1
444,0
443,6
443,5
443,4
443,3
443,2
443,1
443,0
442,8
442,7
442,6
442,5
442,4
442,3
442,2
442,1
442,0
4294967279,297
441,8
441,7
441,6
441,5
441,4
441,3
441,2
441,1
441,0
4294967278,515
4294967294,1415
440,8
440,7
440,6
440,5
440,4
440,3
440,2
440,1
440,0
4294967279,232
4294967294,1462
439,6
439,5
439,4
439,3
439,2
439,1
439,0
438,9
438,8
438,7
438,6
438,5
438,4
438,3
438,2
438,1
438,0
437,9
437,8
437,7
437,6
437,5
437,4
437,3
437,2
437,1
437,0
4294967278,207
436,9
436,8
436,7
436,6
436,5
4294967279,203
436,4
436,3
436,2
436,1
436,0
4294967294,1537
4294967294,1507
435,13
435,12
435,11
435,10
435,9
435,8
435,7
435,6
435,5
435,4
435,3
435,2
435,1
435,0
4294967294,52
4294967294,1579
434,13
434,12
434,11
434,10
434,9
434,8
4294967278,191
434,7
434,6
4294967278,190
434,5
434,4
434,3
434,2
434,1
434,0
4294967294,1570
4294967278,188
4294967294,1578
433,13
433,12
433,11
433,10
433,9
433,8
433,7
433,6
433,5
433,4
433,3
433,2
433,1
433,0
432,5
432,4
432,3
432,2
432,1
432,0
431,8
431,7
431,6
431,5
431,4
4294967294,1447
431,3
431,2
431,1
431,0
2,2
4294967294,1443
4294967294,1577
430,8
430,7
430,6
430,5
430,4
430,3
430,2
430,1
430,0
4294967294,1506
4294967278,225
4294967278,522
429,4
429,3
429,2
429,1
429,0
4294967279,439
4294967294,1543
428,4
428,3
428,2
428,1
428,0
427,6
427,5
427,4
427,3
427,2
427,1
427,0
426,6
426,5
426,4
426,3
426,2
426,1
426,0
425,6
425,5
425,4
425,3
425,2
425,1
425,0
4294967278,368
424,5
424,4
424,3
424,2
424,1
424,0
4294967279,438
4294967279,346
423,6
423,5
423,4
423,3
423,2
423,1
423,0
4294967294,115
4294967294,108
4294967294,448
4294967294,165
4294967279,258
4294967278,367
4294967279,316
4294967294,1576
4294967279,279
422,6
422,5
422,4
422,3
422,2
422,1
422,0
421,4
421,3
421,2
421,1
421,0
4294967294,1457
4294967294,1536
4294967279,234
4294967279,174
4294967278,239
4294967279,229
420,4
420,3
420,2
420,1
420,0
4294967294,455
4294967279,437
4294967294,1575
4294967279,213
419,7
4294967278,214
419,6
419,5
419,4
419,3
419,2
419,1
419,0
4294967294,1544
4294967294,1573
4294967294,1572
4294967294,1566
4294967278,366
4294967279,205
213,4
4294967279,204
4294967294,1413
4294967279,199
4294967279,198
418,6
418,5
418,4
418,3
418,2
418,1
418,0
417,5
417,4
417,3
417,2
417,1
417,0
416,4
416,3
416,2
416,1
416,0
4294967294,978
4294967279,389
415,4
415,3
415,2
415,1
415,0
4294967278,168
4294967279,166
414,4
4294967278,167
414,3
414,2
414,1
414,0
4294967279,165
4294967279,436
413,5
413,4
413,3
413,2
413,1
413,0
32,4
4294967279,320
4294967279,319
4294967279,148
4294967278,146
412,5
4294967279,147
412,4
412,3
412,2
412,1
412,0
4294967279,146
121,4
4294967294,1440
411,4
411,3
411,2
411,1
411,0
4294967279,140
410,4
410,3
410,2
410,1
410,0
4294967278,286
4294967294,1565
4294967294,903
4294967294,939
4294967278,138
409,4
409,3
409,2
409,1
409,0
4294967294,413
4294967294,492
4294967294,468
4294967278,365
408,4
408,3
408,2
408,1
408,0
4294967279,435
4294967278,364
407,4
407,3
407,2
407,1
407,0
4294967278,258
4294967279,434
4294967278,257
406,4
406,3
406,2
406,1
406,0
4294967278,363
405,4
4294967278,304
405,3
405,2
405,1
405,0
4294967278,362
4294967278,247
404,4
404,3
404,2
404,1
404,0
4294967278,237
4294967294,1428
403,4
403,3
403,2
403,1
403,0
4294967294,157
4294967294,1437
4294967278,215
402,4
402,3
402,2
402,1
402,0
4294967278,513
401,4
401,3
401,2
401,1
401,0
400,4
400,3
400,2
400,1
400,0
4294967278,189
4294967279,189
338,7
4294967294,1453
4294967278,183
399,4
399,3
399,2
399,1
399,0
4294967279,309
4294967294,398
4294967294,109
4294967278,361
398,4
398,3
398,2
398,1
398,0
397,4
397,3
397,2
397,1
397,0
4294967278,160
4294967278,159
4294967278,360
396,4
396,3
396,2
396,1
396,0
4294967279,150
4294967294,1569
395,4
395,3
395,2
395,1
395,0
394,7
394,6
394,5
394,4
394,3
394,2
394,1
394,0
393,6
393,5
393,4
393,3
393,2
393,1
393,0
4294967294,975
4294967294,1436
4294967278,359
4294967279,253
392,4
392,3
392,2
392,1
392,0
4294967278,324
4294967279,299
4294967278,251
391,5
391,4
391,3
391,2
391,1
391,0
4294967279,298
4294967278,306
4294967279,243
4294967279,242
390,4
390,3
390,2
390,1
390,0
4294967278,241
389,5
4294967278,238
389,4
389,3
389,2
389,1
389,0
4294967279,233
4294967294,1441
4294967279,228
388,4
388,3
388,2
388,1
388,0
4294967278,322
387,4
387,3
387,2
387,1
387,0
4294967278,325
4294967278,202
386,4
386,3
386,2
386,1
386,0
385,4
385,3
385,2
385,1
385,0
4294967278,358
4294967279,186
384,4
384,3
384,2
384,1
384,0
4294967278,320
383,4
383,3
383,2
383,1
383,0
4294967278,291
382,4
382,3
382,2
382,1
382,0
381,4
381,3
381,2
381,1
381,0
4294967279,388
4294967278,174
4294967278,88
4294967279,335
4294967279,289
4294967279,216
4294967279,334
4294967278,357
4294967279,387
380,4
380,3
380,2
380,1
380,0
4294967279,284
4294967279,318
4294967278,145
4294967279,144
379,4
379,3
379,2
379,1
379,0
4294967278,142
4294967278,274
4294967279,136
378,4
378,3
378,2
378,1
378,0
4294967294,424
4294967294,159
4294967278,516
377,4
377,3
377,2
377,1
377,0
4294967279,281
4294967278,356
4294967279,274
376,4
376,3
376,2
376,1
376,0
4294967278,323
4294967278,252
375,4
375,3
375,2
375,1
375,0
4294967279,433
4294967278,305
374,4
374,3
374,2
374,1
374,0
4294967279,291
4294967279,313
373,4
373,3
373,2
373,1
373,0
4294967278,355
4294967278,226
4294967279,223
4294967279,221
372,4
372,3
372,2
372,1
372,0
4294967279,432
4294967279,206
371,4
4294967279,207
371,3
371,2
371,1
371,0
4294967279,431
4294967278,354
4294967278,203
370,4
370,3
370,2
370,1
370,0
4294967279,430
4294967279,332
4294967278,195
4294967279,190
369,4
4294967279,191
369,3
369,2
369,1
369,0
4294967279,390
4294967278,319
4294967279,372
4294967278,186
4294967278,185
368,4
4294967279,183
368,3
368,2
368,1
368,0
4294967278,184
4294967278,182
4294967279,180
4294967278,181
367,6
4294967279,179
367,5
4294967278,180
367,4
4294967279,178
367,3
367,2
367,1
367,0
4294967278,179
4294967294,1538
4294967279,177
4294967278,178
4294967279,176
4294967278,177
366,5
366,4
4294967278,176
366,3
366,2
366,1
366,0
4294967279,173
4294967278,173
365,7
4294967278,172
365,6
4294967279,170
365,5
4294967278,171
365,4
365,3
365,2
365,1
365,0
4294967279,323
4294967278,170
4294967279,168
4294967278,169
4294967279,167
364,6
364,5
364,4
364,3
364,2
364,1
364,0
4294967278,166
4294967279,164
4294967278,164
363,6
363,5
4294967278,163
363,4
4294967279,161
363,3
363,2
363,1
363,0
4294967294,428
4294967294,1461
4294967294,1502
4294967278,161
362,7
4294967279,158
362,6
362,5
362,4
4294967278,158
362,3
362,2
362,1
362,0
4294967278,156
4294967279,155
4294967278,155
4294967294,1435
361,7
4294967278,154
361,6
361,5
4294967278,153
361,4
4294967279,152
361,3
361,2
361,1
361,0
4294967278,152
360,5
360,4
4294967278,149
360,3
360,2
360,1
360,0
4294967278,353
4294967294,1423
4294967279,384
4294967294,1427
4294967294,89
4294967279,429
4294967279,143
4294967278,575
4294967294,437
4294967294,908
4294967294,969
4294967278,519
4294967279,139
4294967294,481
4294967294,909
4294967294,1469
4294967294,1467
4294967279,428
4294967279,271
4294967278,352
4294967294,409
4294967294,896
4294967294,1431
4294967294,462
4294967278,135
4294967294,1500
4294967278,134
4294967279,270
359,4
4294967279,269
359,3
359,2
359,1
359,0
4294967278,271
4294967278,270
358,4
358,3
358,2
358,1
358,0
4294967279,265
4294967294,1499
4294967278,268
4294967294,962
4294967294,960
4294967278,267
357,4
357,3
357,2
357,1
357,0
4294967279,278
4294967279,262
4294967278,276
4294967279,261
4294967278,279
356,5
356,4
4294967278,262
356,3
356,2
356,1
356,0
355,5
355,4
355,3
355,2
355,1
355,0
4294967294,1498
4294967278,312
4294967278,308
4294967278,307
338,6
333,7
4294967279,240
4294967278,245
4294967278,243
334,6
4294967279,238
4294967278,240
354,4
354,3
354,2
354,1
354,0
4294967294,1559
4294967294,1568
4294967294,1567
4294967294,1496
4294967278,232
4294967294,162
4294967278,231
4294967279,227
4294967279,88
4294967294,1420
4294967278,351
4294967279,220
